-0.00781094148229993
-0.00596217024931744
0.0209291345458282
-0.0047169315362909
-0.0280271098180221
0.0278189646876337
0.0160525793674715
0.00369336511602797
0.0075344615416266
-0.00316030355119147
0.0261211268343851
0.0244541363966591
0.0221779905920823
0.0309097990067209
-0.0175052354032487
0.0680619072235582
-0.0331159634732396
-0.00767002725214169
-0.104432365664883
-0.0776482857267351
0.102002585745119
-0.0866692667784469
0.0460893916497929
0.0608618316224337
0.123612020206089
0.0759795930997336
0.0177524549648598
0.342685773382236
0.0345705332830255
-0.273936829479963
0.0333278466817217
-0.509360163716023
0.00919304118527802
0.00515775574303929
1.28588214505736e-08
3.6615080252784e-07
0.276762781078591
-0.38231635482036
0.247867665060579
-1.06073464412869
0.353199243852593
-0.525739828049724
0.0969660332569634
0.0176976523237461
0.286099027075111
2.45783083286676
