0
0
0
0
0
0
-0.525911636049679
0.353202651234143
0
0
0
-0.028902775475691
-0.0427959568199704
0.123616211070636
0.590504374630231
0.026542564419217
0
-1.06088151884549
-0.313373276149398
0
0
0
0.374272801632515
-0.0331159902323157
-0.0134460705798992
0.376323805259978
-0.0175052363958895
0.0780305773983916
-0.303440877870168
-0.273936832546302
0
2.4577432963958
1.28598304203534e-08
0
-0.00316013426136675
0.0221781584625517
-0.00494861762369581
0.00753446158907517
0
0
0.0345705328470874
0
0
3.66195187780702e-07
0.00414912178649385
-0.0279541645380308
0.0209288190998799
0.0460908078585391
0.027871898971309
0
-0.0776533524441342
-0.103626091255274
0.0333532111965439
0.287283734712107
0.00919305430934202
0.0716830506860418
-0.00781094159477023
-0.00471693145571474
0.0679896857861683
-0.00596217004780372
0.0160525795378653
0.0244541362174444
0.0309097982618122
0.0185064575026352
0.096909789709544
0.00515777845628419